Player,Pos,Squad,Age,MP,Starts,Min,90s,GA,GA90,SoTA,Saves,Save%,CS,CS%,PKatt,PKA,PKsv,PKm,Save%,-9999
,,,,,,,,,,,,,,,,,,,,-9999
Emil Audero,GK,Sampdoria,24,29,29,2560,28.4,48,1.69,130,82,63.8,5,17.2,2,1,1,0,50.0,649b01d8
Nicola Bagnolini,GK,Bologna,17,1,0,3,0.0,0,0.00,1,1,100.0,1,,0,0,0,0,,ad263695
Francesco Bardi,GK,Bologna,29,2,2,177,2.0,2,1.02,9,7,77.8,0,0.0,0,0,0,0,,0acda699
Vid Belec,GK,Salernitana,31,23,21,1938,21.5,49,2.28,135,87,65.9,1,4.8,5,3,1,1,25.0,4f8ce0e1
Alessandro Berardi,GK,Hellas Verona,30,1,1,90,1.0,3,3.00,7,4,57.1,0,0.0,0,0,0,0,,ec1f737d
Etrit Berisha,GK,Torino,32,10,10,900,10.0,8,0.80,41,32,85.4,4,40.0,3,2,1,0,33.3,ee833569
Andrea Consigli,GK,Sassuolo,34,37,37,3322,36.9,63,1.71,171,108,67.8,3,8.1,9,8,1,0,11.1,8cabdc1e
Alessio Cragno,GK,Cagliari,27,35,35,3150,35.0,63,1.80,168,104,66.1,2,5.7,8,6,2,0,25.0,f554e29b
Bartłomiej Drągowski,GK,Fiorentina,23,7,7,556,6.2,8,1.29,26,17,73.1,2,28.6,2,1,1,0,50.0,085e71a7
Wladimiro Falcone,GK,Sampdoria,26,10,9,855,9.5,14,1.47,54,41,75.9,2,22.2,1,1,0,0,0.0,9f5a610b
Vincenzo Fiorillo,GK,Salernitana,31,1,1,90,1.0,5,5.00,8,3,37.5,0,0.0,0,0,0,0,,a2565f79
Luca Gemello,GK,Torino,21,1,1,90,1.0,0,0.00,3,3,100.0,1,100.0,0,0,0,0,,53e494ec
Samir Handanović,GK,Inter,37,37,37,3330,37.0,30,0.81,124,95,79.0,15,40.5,4,4,0,0,0.0,74419746
Luca Lezzerini,GK,Venezia,26,6,6,495,5.5,9,1.64,39,30,76.9,0,0.0,0,0,0,0,,c9c32262
Niki Mäenpää,GK,Venezia,36,17,16,1485,16.5,27,1.64,84,57,73.8,1,6.3,6,5,0,1,0.0,14a96e1c
Mike Maignan,GK,Milan,26,32,32,2880,32.0,21,0.66,101,81,81.2,17,53.1,2,2,0,0,0.0,fcb38f57
Davide Marfella,GK,Napoli,21,1,0,11,0.1,0,0.00,1,1,100.0,1,,0,0,0,0,,880fcdbb
Alex Meret,GK,Napoli,24,7,7,619,6.9,6,0.87,29,23,79.3,2,28.6,0,0,0,0,,9413b19f
Vanja Milinković-Savić,GK,Torino,24,27,27,2430,27.0,33,1.22,80,46,67.5,4,14.8,8,7,1,0,12.5,9fa26bc2
Lorenzo Montipò,GK,Hellas Verona,25,34,34,3060,34.0,50,1.47,137,88,65.0,4,11.8,3,2,1,0,33.3,c1d95617
Juan Musso,GK,Atalanta,27,33,33,2932,32.6,42,1.29,119,80,67.2,8,24.2,4,3,0,1,0.0,a111cf41
David Ospina,GK,Napoli,32,31,31,2790,31.0,25,0.81,106,82,77.4,13,41.9,1,1,0,0,0.0,82b1198a
Daniele Padelli,GK,Udinese,35,3,3,270,3.0,8,2.67,21,13,61.9,1,33.3,0,0,0,0,,cf1c23d8
Ivor Pandur,GK,Hellas Verona,21,3,3,270,3.0,6,2.00,15,9,66.7,0,0.0,1,1,0,0,0.0,457cb02f
Rui Patrício,GK,Roma,33,38,38,3420,38.0,43,1.13,146,104,74.0,15,39.5,6,5,1,0,16.7,79b0d6a0
Gianluca Pegolo,GK,Sassuolo,40,1,1,90,1.0,3,3.00,5,2,40.0,0,0.0,0,0,0,0,,f058ed1f
Mattia Perin,GK,Juventus,28,5,5,405,4.5,7,1.56,16,10,56.3,1,20.0,0,0,0,0,,4c62d0c8
Carlo Pinsoglio,GK,Juventus,31,1,0,45,0.5,1,2.00,2,1,100.0,0,,1,1,0,0,0.0,f6a06749
Ivan Provedel,GK,Spezia,27,31,31,2761,30.7,52,1.70,165,116,73.9,7,22.6,11,9,0,2,0.0,277da414
Ionuț Radu,GK,Inter,24,1,1,90,1.0,2,2.00,3,1,33.3,0,0.0,0,0,0,0,,67f649be
Boris Radunović,GK,Cagliari,25,3,3,270,3.0,5,1.67,17,11,76.5,1,33.3,2,1,1,0,50.0,0dfce079
Nicola Ravaglia,GK,Sampdoria,32,1,0,5,0.1,1,18.00,1,0,100.0,0,,1,1,0,0,0.0,d7a35008
Pepe Reina,GK,Lazio,38,15,15,1350,15.0,29,1.93,60,31,58.3,2,13.3,5,4,0,1,0.0,e358587b
Sergio Romero,GK,Venezia,34,16,16,1440,16.0,33,2.06,105,74,74.3,3,18.8,6,6,0,0,0.0,1e26e376
Francesco Rossi,GK,Atalanta,30,1,0,37,0.4,1,2.43,2,1,50.0,0,,0,0,0,0,,7b5f516f
Giacomo Satalino,GK,Sassuolo,22,1,0,8,0.1,0,0.00,1,1,100.0,0,,0,0,0,0,,b1f0b916
Adrian Šemper,GK,Genoa,23,1,1,90,1.0,1,1.00,4,3,75.0,0,0.0,0,0,0,0,,f02dde20
Luigi Sepe,GK,Salernitana,30,16,16,1392,15.5,24,1.55,78,54,73.1,1,6.3,3,3,0,0,0.0,343f753a
Marco Silvestri,GK,Udinese,30,35,35,3150,35.0,50,1.43,141,92,68.1,7,20.0,7,5,0,2,0.0,0d422df7
Salvatore Sirigu,GK,Genoa,34,37,37,3330,37.0,59,1.59,180,122,69.4,10,27.0,5,4,1,0,20.0,10dc46f0
Łukasz Skorupski,GK,Bologna,30,36,36,3240,36.0,53,1.47,174,122,74.1,12,33.3,9,8,1,0,11.1,ab4449d6
Marco Sportiello,GK,Atalanta,29,5,5,450,5.0,5,1.00,18,13,83.3,2,40.0,2,2,0,0,0.0,ac4003af
Thomas Strakosha,GK,Lazio,26,23,23,2070,23.0,29,1.26,86,58,67.4,7,30.4,1,1,0,0,0.0,339fe0e8
Wojciech Szczęsny,GK,Juventus,31,33,33,2970,33.0,29,0.88,105,73,75.2,12,36.4,6,3,3,0,50.0,01b8a2b2
Ciprian Tătărușanu,GK,Milan,35,6,6,540,6.0,10,1.67,24,14,66.7,1,16.7,3,2,1,0,33.3,b056e3da
Pietro Terracciano,GK,Fiorentina,31,32,31,2862,31.8,43,1.35,100,58,59.0,9,29.0,3,2,1,0,33.3,e1b0a70d
Guglielmo Vicario,GK,Empoli,24,38,38,3420,38.0,70,1.84,216,150,69.9,7,18.4,10,5,2,3,28.6,77d6fd4d
Jeroen Zoet,GK,Spezia,30,7,7,630,7.0,19,2.71,43,23,58.1,0,0.0,2,1,1,0,50.0,cc1a0c57
Petar Zovko,GK,Spezia,19,1,0,29,0.3,0,0.00,0,0,,0,,0,0,0,0,,54f6afe3